{1.0746858E-01, 3.0736130E-04, 1.0718631E-03, 4.6104138E-04, 9.2208358E-04, 9.0718551E-02, 4.3547953E-01, 1.3928634E-02, 3.3926956E-02, 3.1571540E-01}
mean =
1.000000, 8.493392, 0.513999, 0.267491, 2.123767, 0.082422, 9.368465, 23.855255, 0.996586, 3.308307, 0.647417, 10.507886, 5.756576
covariance matrix =
0.010000	0.000000	0.000000	0.000000	0.000000	0.000000	0.000000	-0.000000	0.000000	0.000000	0.000000	0.000000	0.000000	
0.000000	2.973716	-0.117799	0.264796	0.141388	0.004643	-1.414800	0.183739	0.001924	-0.193060	0.056653	-0.137902	0.230815	
0.000000	-0.117799	0.043268	-0.024488	0.001181	0.000398	0.015188	0.049147	-0.000005	0.009743	-0.009660	-0.047284	-0.065442	
0.000000	0.264796	-0.024488	0.051235	0.014247	0.000554	-0.144883	-0.109202	0.000123	-0.018124	0.009255	0.039355	0.049126	
0.000000	0.141388	0.001181	0.014247	0.168111	0.001891	0.164606	0.821617	0.000215	-0.002585	0.005392	0.081340	0.031419	
0.000000	0.004643	0.000398	0.000554	0.001891	0.010996	-0.009233	0.004267	0.000012	-0.000382	0.000207	-0.005145	-0.002662	
0.000000	-1.414800	0.015188	-0.144883	0.164606	-0.009233	20.244028	34.255485	-0.000746	0.119737	0.039951	0.217759	0.372299	
-0.000000	0.183739	0.049147	-0.109202	0.821617	0.004267	34.255485	101.893365	0.003794	0.062371	0.089630	-1.651594	-0.050104	
0.000000	0.001924	-0.000005	0.000123	0.000215	0.000012	-0.000746	0.003794	0.010003	-0.000085	0.000042	-0.001054	-0.000238	
0.000000	-0.193060	0.009743	-0.018124	-0.002585	-0.000382	0.119737	0.062371	-0.000085	0.031486	-0.002210	0.017331	-0.019392	
0.000000	0.056653	-0.009660	0.009255	0.005392	0.000207	0.039951	0.089630	0.000042	-0.002210	0.028769	0.020667	0.047730	
0.000000	-0.137902	-0.047284	0.039355	0.081340	-0.005145	0.217759	-1.651594	-0.001054	0.017331	0.020667	1.091288	0.383578	
0.000000	0.230815	-0.065442	0.049126	0.031419	-0.002662	0.372299	-0.050104	-0.000238	-0.019392	0.047730	0.383578	0.698265	

mean =
0.000000, 7.000000, 0.390000, 0.310000, 5.300000, 0.169000, 32.000000, 162.000000, 0.996500, 3.200000, 0.480000, 9.400000, 5.000000
covariance matrix =
0.010000	0.000000	0.000000	0.000000	0.000000	0.000000	0.000000	0.000000	0.000000	0.000000	0.000000	0.000000	0.000000	
0.000000	0.010000	0.000000	-0.000000	-0.000000	0.000000	0.000000	0.000000	0.000000	0.000000	0.000000	-0.000000	0.000000	
0.000000	0.000000	0.010000	-0.000000	-0.000000	0.000000	0.000000	0.000000	0.000000	0.000000	0.000000	-0.000000	-0.000000	
0.000000	-0.000000	-0.000000	0.010000	0.000000	-0.000000	-0.000000	-0.000000	-0.000000	-0.000000	-0.000000	0.000000	-0.000000	
0.000000	-0.000000	-0.000000	0.000000	0.010000	-0.000000	-0.000000	-0.000000	-0.000000	-0.000000	-0.000000	0.000000	0.000000	
0.000000	0.000000	0.000000	-0.000000	-0.000000	0.010000	0.000000	0.000000	0.000000	0.000000	0.000000	-0.000000	-0.000000	
0.000000	0.000000	0.000000	-0.000000	-0.000000	0.000000	0.010000	0.000000	0.000000	0.000000	0.000000	-0.000000	0.000000	
0.000000	0.000000	0.000000	-0.000000	-0.000000	0.000000	0.000000	0.010000	0.000000	0.000000	0.000000	-0.000000	-0.000000	
0.000000	0.000000	0.000000	-0.000000	-0.000000	0.000000	0.000000	0.000000	0.010000	0.000000	0.000000	-0.000000	-0.000000	
0.000000	0.000000	0.000000	-0.000000	-0.000000	0.000000	0.000000	0.000000	0.000000	0.010000	0.000000	-0.000000	0.000000	
0.000000	0.000000	0.000000	-0.000000	-0.000000	0.000000	0.000000	0.000000	0.000000	0.000000	0.010000	-0.000000	0.000000	
0.000000	-0.000000	-0.000000	0.000000	0.000000	-0.000000	-0.000000	-0.000000	-0.000000	-0.000000	-0.000000	0.010000	0.000000	
0.000000	0.000000	-0.000000	-0.000000	0.000000	-0.000000	0.000000	-0.000000	-0.000000	0.000000	0.000000	0.000000	0.010000	

mean =
0.000000, 5.983302, 0.285736, 0.274812, 4.454560, 0.168130, 117.043037, 242.014171, 0.994440, 3.332259, 0.501685, 9.651061, 4.995748
covariance matrix =
0.010000	0.000000	0.000000	-0.000000	-0.000000	-0.000000	-0.000000	-0.000000	0.000000	-0.000000	0.000000	-0.000000	0.000000	
0.000000	0.054905	0.003945	-0.000255	-0.010811	-0.003697	6.693869	8.182698	0.000037	0.013258	0.018100	0.035994	-0.167411	
0.000000	0.003945	0.011775	0.000861	0.065844	0.003438	-1.290106	-1.476225	0.000024	-0.002105	0.001404	-0.002947	0.009108	
-0.000000	-0.000255	0.000861	0.010753	0.053846	0.002003	-1.445978	-1.701739	0.000015	-0.002727	-0.000226	-0.004891	0.019899	
-0.000000	-0.010811	0.065844	0.053846	3.913094	0.154318	-96.806699	-114.109598	0.001040	-0.195389	-0.007298	-0.306610	1.343593	
-0.000000	-0.003697	0.003438	0.002003	0.154318	0.020911	-5.639911	-6.583389	0.000051	-0.008560	-0.002425	-0.020671	0.074282	
-0.000000	6.693869	-1.290106	-1.445978	-96.806699	-5.639911	6703.803925	7787.881357	-0.048433	6.613967	5.376383	31.104221	-87.158603	
-0.000000	8.182698	-1.476225	-1.701739	-114.109598	-6.583389	7787.881357	9054.586755	-0.055509	7.881840	6.336213	36.049037	-102.418711	
0.000000	0.000037	0.000024	0.000015	0.001040	0.000051	-0.048433	-0.055509	0.010001	-0.000040	-0.000008	-0.000205	0.000466	
-0.000000	0.013258	-0.002105	-0.002727	-0.195389	-0.008560	6.613967	7.881840	-0.000040	0.023387	0.005452	0.025041	-0.113219	
0.000000	0.018100	0.001404	-0.000226	-0.007298	-0.002425	5.376383	6.336213	-0.000008	0.005452	0.019318	0.029035	-0.092035	
-0.000000	0.035994	-0.002947	-0.004891	-0.306610	-0.020671	31.104221	36.049037	-0.000205	0.025041	0.029035	0.162882	-0.400632	
0.000000	-0.167411	0.009108	0.019899	1.343593	0.074282	-87.158603	-102.418711	0.000466	-0.113219	-0.092035	-0.400632	1.344729	

mean =
0.000000, 6.400000, 0.275000, 0.475000, 1.700000, 0.163500, 27.000011, 83.999984, 0.989900, 3.150000, 0.415000, 12.400002, 6.000000
covariance matrix =
0.010000	0.000000	0.000000	-0.000000	0.000000	-0.000000	-0.000000	0.000000	0.000000	-0.000000	0.000000	-0.000000	-0.000000	
0.000000	0.100000	0.016500	0.004500	-0.030000	0.001050	-2.100002	3.000003	0.000450	-0.012000	0.025500	-0.300000	0.000000	
0.000000	0.016500	0.013025	0.000825	-0.005500	0.000193	-0.385000	0.550000	0.000082	-0.002200	0.004675	-0.055000	-0.000000	
-0.000000	0.004500	0.000825	0.010225	-0.001500	0.000053	-0.104999	0.149999	0.000022	-0.000600	0.001275	-0.015000	-0.000000	
0.000000	-0.030000	-0.005500	-0.001500	0.020000	-0.000350	0.700000	-1.000000	-0.000150	0.004000	-0.008500	0.100000	-0.000000	
-0.000000	0.001050	0.000193	0.000053	-0.000350	0.010012	-0.024500	0.034999	0.000005	-0.000140	0.000297	-0.003500	-0.000000	
-0.000000	-2.100002	-0.385000	-0.104999	0.700000	-0.024500	49.010019	-70.000029	-0.010500	0.280000	-0.595000	7.000003	-0.000000	
0.000000	3.000003	0.550000	0.149999	-1.000000	0.034999	-70.000029	100.010042	0.015000	-0.399999	0.850000	-10.000005	0.000000	
0.000000	0.000450	0.000082	0.000022	-0.000150	0.000005	-0.010500	0.015000	0.010002	-0.000060	0.000127	-0.001500	0.000000	
-0.000000	-0.012000	-0.002200	-0.000600	0.004000	-0.000140	0.280000	-0.399999	-0.000060	0.011600	-0.003400	0.040000	0.000000	
0.000000	0.025500	0.004675	0.001275	-0.008500	0.000297	-0.595000	0.850000	0.000127	-0.003400	0.017225	-0.085000	0.000000	
-0.000000	-0.300000	-0.055000	-0.015000	0.100000	-0.003500	7.000003	-10.000005	-0.001500	0.040000	-0.085000	1.010001	-0.000000	
-0.000000	0.000000	-0.000000	-0.000000	-0.000000	-0.000000	-0.000000	0.000000	0.000000	0.000000	0.000000	-0.000000	0.010000	

mean =
0.400000, 9.140001, 0.495000, 0.582000, 18.820004, 0.091000, 29.799999, 221.999998, 1.003120, 3.086000, 0.598000, 11.300001, 5.800001
covariance matrix =
0.250000	-0.496000	-0.078000	0.039200	-4.208003	-0.016400	3.080002	24.600011	-0.003984	-0.030400	-0.035200	0.400000	0.480000	
-0.496000	6.412402	-0.292900	-0.116280	-23.266814	-0.067700	4.468004	-81.920032	-0.014728	0.074560	-0.074920	-0.260001	0.247999	
-0.078000	-0.292900	0.083720	-0.005350	5.795703	0.008467	-2.701001	-7.510004	0.004508	0.025360	0.022240	-0.095200	-0.165000	
0.039200	-0.116280	-0.005350	0.018576	0.283360	-0.004408	0.086400	3.280002	0.000061	0.002208	-0.005516	0.098000	0.112400	
-4.208003	-23.266814	5.795703	0.283360	562.015811	-0.047359	-253.836097	-615.660245	0.426186	3.304481	1.206841	3.875994	0.723991	
-0.016400	-0.067700	0.008467	-0.004408	-0.047359	0.015995	0.011200	0.068000	0.000014	-0.007088	0.006102	-0.082920	-0.108200	
3.080002	4.468004	-2.701001	0.086400	-253.836097	0.011200	122.870048	420.700172	-0.197228	-1.656800	-0.618400	-0.199997	1.160004	
24.600011	-81.920032	-7.510004	3.280002	-615.660245	0.068000	420.700172	3170.011339	-0.547716	-6.700002	-2.398001	20.080013	21.600015	
-0.003984	-0.014728	0.004508	0.000061	0.426186	0.000014	-0.197228	-0.547716	0.010326	0.002549	0.001003	0.001450	-0.001092	
-0.030400	0.074560	0.025360	0.002208	3.304481	-0.007088	-1.656800	-6.700002	0.002549	0.040944	0.001392	0.086400	0.099200	
-0.035200	-0.074920	0.022240	-0.005516	1.206841	0.006102	-0.618400	-2.398001	0.001003	0.001392	0.019496	-0.088000	-0.120400	
0.400000	-0.260001	-0.095200	0.098000	3.875994	-0.082920	-0.199997	20.080013	0.001450	0.086400	-0.088000	1.417999	1.719998	
0.480000	0.247999	-0.165000	0.112400	0.723991	-0.108200	1.160004	21.600015	-0.001092	0.099200	-0.120400	1.719998	2.169998	

mean =
1.000000, 7.665329, 0.541778, 0.226703, 2.172938, 0.080655, 21.836471, 68.411937, 0.996328, 3.350593, 0.629380, 10.274503, 5.509862
covariance matrix =
0.010000	-0.000000	-0.000000	-0.000000	0.000000	0.000000	-0.000000	-0.000000	0.000000	0.000000	0.000000	-0.000000	0.000000	
-0.000000	1.367130	0.002836	0.083134	0.195327	0.007660	0.777135	8.069365	0.001428	-0.106532	-0.004579	-0.509176	-0.184962	
-0.000000	0.002836	0.037967	-0.011020	0.002108	0.000436	-0.283041	0.532717	0.000034	0.000270	-0.004831	-0.025285	-0.026595	
-0.000000	0.083134	-0.011020	0.033978	0.011240	0.000473	0.128967	1.312004	0.000079	-0.007282	0.002347	-0.024335	-0.004255	
0.000000	0.195327	0.002108	0.011240	0.172138	0.001229	-0.096427	2.014237	0.000357	-0.009001	-0.000075	-0.051852	-0.022375	
0.000000	0.007660	0.000436	0.000473	0.001229	0.010462	-0.038285	0.055271	0.000016	-0.001003	0.000027	-0.008972	-0.003607	
-0.000000	0.777135	-0.283041	0.128967	-0.096427	-0.038285	90.740817	76.908447	-0.001011	-0.001402	0.149210	1.317724	0.811764	
-0.000000	8.069365	0.532717	1.312004	2.014237	0.055271	76.908447	868.090198	0.008351	-1.221769	-0.577154	-6.172632	-4.810863	
0.000000	0.001428	0.000034	0.000079	0.000357	0.000016	-0.001011	0.008351	0.010003	-0.000069	-0.000011	-0.001268	-0.000469	
0.000000	-0.106532	0.000270	-0.007282	-0.009001	-0.001003	-0.001402	-1.221769	-0.000069	0.032058	0.002438	0.067039	0.023560	
0.000000	-0.004579	-0.004831	0.002347	-0.000075	0.000027	0.149210	-0.577154	-0.000011	0.002438	0.025737	0.043200	0.029048	
-0.000000	-0.509176	-0.025285	-0.024335	-0.051852	-0.008972	1.317724	-6.172632	-0.001268	0.067039	0.043200	1.135703	0.404368	
0.000000	-0.184962	-0.026595	-0.004255	-0.022375	-0.003607	0.811764	-4.810863	-0.000469	0.023560	0.029048	0.404368	0.446731	

mean =
0.000000, 6.888591, 0.276768, 0.324076, 3.656521, 0.040411, 28.774044, 117.631218, 0.992240, 3.202307, 0.486191, 11.206088, 6.088141
covariance matrix =
0.010000	0.000000	-0.000000	0.000000	-0.000000	0.000000	0.000000	-0.000000	-0.000000	-0.000000	-0.000000	0.000000	-0.000000	
0.000000	0.894076	-0.003819	0.033413	0.209740	0.001160	-1.119108	3.529928	0.000817	-0.073447	-0.007753	-0.230453	-0.195977	
-0.000000	-0.003819	0.021154	-0.002940	0.050738	-0.000024	-0.188172	0.063818	-0.000004	-0.000748	-0.001358	0.019594	-0.011805	
0.000000	0.033413	-0.002940	0.020520	-0.004218	0.000128	0.049652	0.358365	0.000018	-0.002027	0.000667	0.004175	0.004335	
-0.000000	0.209740	0.050738	-0.004218	8.438860	-0.003396	2.566388	14.327737	0.002642	-0.057821	-0.053991	0.247472	0.304577	
0.000000	0.001160	-0.000024	0.000128	-0.003396	0.010237	-0.008775	0.064932	0.000009	-0.000001	0.000119	-0.006348	-0.002982	
0.000000	-1.119108	-0.188172	0.049652	2.566388	-0.008775	165.546239	214.295546	-0.001617	0.223516	0.084698	1.604017	3.904736	
-0.000000	3.529928	0.063818	0.358365	14.327737	0.064932	214.295546	1054.647630	0.018448	0.581432	0.269337	-4.003326	1.949304	
-0.000000	0.000817	-0.000004	0.000018	0.002642	0.000009	-0.001617	0.018448	0.010004	0.000010	0.000011	-0.001515	-0.000578	
-0.000000	-0.073447	-0.000748	-0.002027	-0.057821	-0.000001	0.223516	0.581432	0.000010	0.034497	0.003463	-0.001648	0.021700	
-0.000000	-0.007753	-0.001358	0.000667	-0.053991	0.000119	0.084698	0.269337	0.000011	0.003463	0.025237	-0.001617	0.010417	
0.000000	-0.230453	0.019594	0.004175	0.247472	-0.006348	1.604017	-4.003326	-0.001515	-0.001648	-0.001617	1.200237	0.445897	
-0.000000	-0.195977	-0.011805	0.004335	0.304577	-0.002982	3.904736	1.949304	-0.000578	0.021700	0.010417	0.445897	0.872670	

mean =
1.000000, 7.887089, 0.554362, 0.340276, 5.266062, 0.171365, 27.163934, 91.394536, 0.997924, 3.195416, 0.894912, 9.600157, 5.228856
covariance matrix =
0.010000	0.000000	-0.000000	0.000000	-0.000000	0.000000	0.000000	-0.000000	0.000000	-0.000000	0.000000	-0.000000	0.000000	
0.000000	1.218081	0.021996	0.057017	0.276896	0.047319	-2.174016	-7.555335	0.001239	-0.089556	0.148663	-0.329814	0.035164	
-0.000000	0.021996	0.032023	-0.009917	-0.072974	-0.000331	0.209962	0.157140	0.000026	-0.000597	-0.006961	-0.025065	-0.012074	
0.000000	0.057017	-0.009917	0.045550	-0.091687	0.017830	-0.995383	-2.033623	0.000004	-0.010292	0.033334	-0.003171	0.004803	
-0.000000	0.276896	-0.072974	-0.091687	13.967435	-0.208692	20.964225	12.376490	0.004530	0.248378	-0.764066	0.276489	0.308122	
0.000000	0.047319	-0.000331	0.017830	-0.208692	0.029685	-0.519800	-2.477392	-0.000029	-0.012889	0.028628	-0.029319	0.000499	
0.000000	-2.174016	0.209962	-0.995383	20.964225	-0.519800	244.762831	267.420118	0.007045	0.710997	-2.229195	-1.259350	-0.848053	
-0.000000	-7.555335	0.157140	-2.033623	12.376490	-2.477392	267.420118	1155.430615	0.000531	1.435408	-1.244236	6.462970	-3.542528	
0.000000	0.001239	0.000026	0.000004	0.004530	-0.000029	0.007045	0.000531	0.010004	0.000041	-0.000067	-0.000323	0.000057	
-0.000000	-0.089556	-0.000597	-0.010292	0.248378	-0.012889	0.710997	1.435408	0.000041	0.033251	-0.040220	0.033890	-0.003225	
0.000000	0.148663	-0.006961	0.033334	-0.764066	0.028628	-2.229195	-1.244236	-0.000067	-0.040220	0.162607	-0.018071	0.004050	
-0.000000	-0.329814	-0.025065	-0.003171	0.276489	-0.029319	-1.259350	6.462970	-0.000323	0.033890	-0.018071	0.307843	0.018761	
0.000000	0.035164	-0.012074	0.004803	0.308122	0.000499	-0.848053	-3.542528	0.000057	-0.003225	0.004050	0.018761	0.275511	

mean =
1.000000, 9.702334, 0.525558, 0.368780, 3.673902, 0.087884, 15.761828, 38.993697, 0.997934, 3.264092, 0.674175, 10.869881, 5.744927
covariance matrix =
0.010000	0.000000	-0.000000	0.000000	-0.000000	0.000000	0.000000	0.000000	0.000000	0.000000	0.000000	0.000000	0.000000	
0.000000	5.269972	-0.183844	0.371813	-0.516333	0.006157	-0.785755	3.875699	0.003420	-0.285015	0.138856	0.042762	0.511423	
-0.000000	-0.183844	0.051559	-0.026905	0.004335	0.000506	-0.104476	-0.199765	-0.000041	0.014708	-0.013340	-0.029313	-0.108981	
0.000000	0.371813	-0.026905	0.057771	-0.008851	0.000150	-0.135803	0.247506	0.000183	-0.023546	0.014558	0.063272	0.094439	
-0.000000	-0.516333	0.004335	-0.008851	2.304533	-0.002522	-5.050484	-6.798804	0.000293	0.028364	-0.011859	0.503395	0.241175	
0.000000	0.006157	0.000506	0.000150	-0.002522	0.010585	-0.010374	-0.032795	0.000009	-0.000290	0.000273	-0.001026	-0.003721	
0.000000	-0.785755	-0.104476	-0.135803	-5.050484	-0.010374	102.131389	173.721289	-0.002147	0.057233	0.227030	-1.739067	0.002430	
0.000000	3.875699	-0.199765	0.247506	-6.798804	-0.032795	173.721289	438.967635	0.005664	-0.069627	0.534397	-4.051829	0.167464	
0.000000	0.003420	-0.000041	0.000183	0.000293	0.000009	-0.002147	0.005664	0.010004	-0.000142	0.000094	-0.000573	0.000084	
0.000000	-0.285015	0.014708	-0.023546	0.028364	-0.000290	0.057233	-0.069627	-0.000142	0.033713	-0.006062	0.001153	-0.048508	
0.000000	0.138856	-0.013340	0.014558	-0.011859	0.000273	0.227030	0.534397	0.000094	-0.006062	0.028940	0.015063	0.052818	
0.000000	0.042762	-0.029313	0.063272	0.503395	-0.001026	-1.739067	-4.051829	-0.000573	0.001153	0.015063	1.101975	0.377591	
0.000000	0.511423	-0.108981	0.094439	0.241175	-0.003721	0.002430	0.167464	0.000084	-0.048508	0.052818	0.377591	1.100581	

mean =
0.000000, 6.806516, 0.279694, 0.347927, 10.146606, 0.052532, 44.109398, 166.635016, 0.996471, 3.168586, 0.494689, 9.560925, 5.592048
covariance matrix =
0.010000	-0.000000	-0.000000	-0.000000	0.000000	0.000000	0.000000	-0.000000	-0.000000	0.000000	0.000000	0.000000	0.000000	
-0.000000	0.454904	0.000314	0.024638	0.910740	0.000272	0.791100	5.343103	0.000654	-0.029171	0.006683	-0.062754	0.043503	
-0.000000	0.000314	0.018529	-0.000443	-0.023358	0.000319	-0.151048	0.717892	0.000002	-0.000077	0.000759	-0.004205	-0.023820	
-0.000000	0.024638	-0.000443	0.029999	0.046586	0.000363	0.204603	0.334630	0.000041	-0.003839	0.000982	-0.010412	-0.001560	
0.000000	0.910740	-0.023358	0.046586	23.529599	-0.017891	1.778806	2.134687	0.009456	-0.152023	-0.000729	-0.885236	0.395029	
0.000000	0.000272	0.000319	0.000363	-0.017891	0.010610	-0.016794	-0.015315	-0.000003	-0.000468	-0.000139	-0.002433	-0.001674	
0.000000	0.791100	-0.151048	0.204603	1.778806	-0.016794	285.661934	282.379578	0.000929	-0.064125	0.066199	0.066514	-0.221179	
-0.000000	5.343103	0.717892	0.334630	2.134687	-0.015315	282.379578	1395.094200	0.014110	0.135201	0.903444	-3.405581	-3.576778	
-0.000000	0.000654	0.000002	0.000041	0.009456	-0.000003	0.000929	0.014110	0.010005	-0.000036	0.000020	-0.000733	0.000079	
0.000000	-0.029171	-0.000077	-0.003839	-0.152023	-0.000468	-0.064125	0.135201	-0.000036	0.029753	0.001798	0.023927	-0.007671	
0.000000	0.006683	0.000759	0.000982	-0.000729	-0.000139	0.066199	0.903444	0.000020	0.001798	0.019909	0.004700	0.001651	
0.000000	-0.062754	-0.004205	-0.010412	-0.885236	-0.002433	0.066514	-3.405581	-0.000733	0.023927	0.004700	0.401143	0.040030	
0.000000	0.043503	-0.023820	-0.001560	0.395029	-0.001674	-0.221179	-3.576778	0.000079	-0.007671	0.001651	0.040030	0.537237	



 14.690000   0.110000  14.800000 ( 14.303000)
