{1.3739029E-01, 4.0633670E-02, 8.2991161E-03, 5.2954365E-02, 2.5986187E-02, 6.6766389E-03, 2.8875651E-01, 2.5039994E-01, 6.0208449E-02, 1.2869483E-01}
mean =
-2.853446, 5.529339, 0.510528, -0.931637, 6.415003, -2.335248, 5.661006, 3.076054, 3.622623, -4.978322, -6.573117, -0.532576, 3.213432
covariance matrix =
1.378209	-0.719973	0.172892	0.411512	-1.033289	0.061851	-0.392231	-0.858320	-0.532014	0.954682	0.528332	-0.044372	-0.364074	
-0.719973	3.009690	-0.775070	-1.651242	3.369934	-0.114668	0.487566	2.686905	1.810748	-2.773936	-1.544592	-0.011151	1.261095	
0.172892	-0.775070	1.617647	1.005420	-1.657540	-0.105480	0.333042	-1.494769	-0.953022	1.262277	0.396176	-0.014188	-0.617166	
0.411512	-1.651242	1.005420	2.882859	-3.199591	-0.143815	0.270790	-2.725698	-1.768488	2.576605	1.039733	0.011977	-1.143203	
-1.033289	3.369934	-1.657540	-3.199591	7.100355	-0.075856	0.216271	4.983564	3.356074	-4.817370	-2.447780	-0.036238	2.319476	
0.061851	-0.114668	-0.105480	-0.143815	-0.075856	1.217652	-0.301107	0.110905	-0.053784	-0.080366	0.302971	0.042036	-0.135792	
-0.392231	0.487566	0.333042	0.270790	0.216271	-0.301107	2.035624	-0.070325	0.009290	-0.328955	-0.682948	-0.007798	0.106884	
-0.858320	2.686905	-1.494769	-2.725698	4.983564	0.110905	-0.070325	5.296308	2.741384	-4.040331	-1.703382	0.050287	1.818727	
-0.532014	1.810748	-0.953022	-1.768488	3.356074	-0.053784	0.009290	2.741384	2.890227	-2.573119	-1.311409	-0.029990	1.312034	
0.954682	-2.773936	1.262277	2.576605	-4.817370	-0.080366	-0.328955	-4.040331	-2.573119	5.106015	1.886103	-0.032002	-1.685118	
0.528332	-1.544592	0.396176	1.039733	-2.447780	0.302971	-0.682948	-1.703382	-1.311409	1.886103	2.472866	0.091553	-1.014137	
-0.044372	-0.011151	-0.014188	0.011977	-0.036238	0.042036	-0.007798	0.050287	-0.029990	-0.032002	0.091553	1.044447	-0.045750	
-0.364074	1.261095	-0.617166	-1.143203	2.319476	-0.135792	0.106884	1.818727	1.312034	-1.685118	-1.014137	-0.045750	1.967020	

mean =
-3.450069, 7.426969, -0.437282, -2.744297, 9.851076, -2.352375, 5.765713, 5.916525, 5.511268, -7.718025, -7.913444, -0.538756, 4.505748
covariance matrix =
1.559544	-1.264864	0.424123	0.927870	-1.985702	0.042716	-0.444214	-1.652423	-1.043300	1.764269	0.900090	-0.047097	-0.696912	
-1.264864	4.569811	-1.419532	-3.000924	6.030011	-0.153064	0.787889	4.842141	3.236644	-4.984902	-2.695891	-0.014525	2.235373	
0.424123	-1.419532	1.827333	1.469657	-2.698087	-0.033578	0.094352	-2.304001	-1.503214	2.111058	0.921009	-0.011722	-1.020180	
0.927870	-3.000924	1.469657	3.909832	-5.397607	-0.042020	-0.173414	-4.464787	-2.925091	4.408971	2.098736	0.012388	-1.965972	
-1.985702	6.030011	-2.698087	-5.397607	11.581430	-0.214421	0.848508	8.567860	5.756735	-8.503459	-4.475862	-0.048299	3.995979	
0.042716	-0.153064	-0.033578	-0.042020	-0.214421	1.209204	-0.203105	-0.004664	-0.153477	-0.012872	0.320996	0.052332	-0.201528	
-0.444214	0.787889	0.094352	-0.173414	0.848508	-0.203105	1.860812	0.504731	0.368742	-0.875494	-0.810655	-0.007944	0.300905	
-1.652423	4.842141	-2.304001	-4.464787	8.567860	-0.004664	0.504731	8.163481	4.646861	-7.020920	-3.348805	0.048550	3.149210	
-1.043300	3.236644	-1.503214	-2.925091	5.756735	-0.153477	0.368742	4.646861	4.179508	-4.521921	-2.419559	-0.039707	2.226315	
1.764269	-4.984902	2.111058	4.408971	-8.503459	-0.012872	-0.875494	-7.020920	-4.521921	8.221120	3.531592	-0.037890	-3.020266	
0.900090	-2.695891	0.921009	2.098736	-4.475862	0.320996	-0.810655	-3.348805	-2.419559	3.531592	3.313391	0.103754	-1.768699	
-0.047097	-0.014525	-0.011722	0.012388	-0.048299	0.052332	-0.007944	0.048550	-0.039707	-0.037890	0.103754	1.047783	-0.058526	
-0.696912	2.235373	-1.020180	-1.965972	3.995979	-0.201528	0.300905	3.149210	2.226315	-3.020266	-1.768699	-0.058526	2.614255	

mean =
-8.955985, 27.546108, -9.381308, -20.717710, 46.088173, -4.688634, 8.325362, 33.383630, 25.791779, -34.383391, -24.950516, -1.608660, 19.429381
covariance matrix =
19.805708	-55.137305	21.805665	49.478829	-92.443811	-1.377975	-10.380673	-75.197482	-48.394056	81.076323	39.658799	0.168335	-31.343259	
-55.137305	168.726796	-67.269293	-150.030398	284.456063	-0.218470	30.424198	227.921596	150.733937	-242.045929	-124.935892	-2.175062	100.319108	
21.805665	-67.269293	28.175468	60.214914	-114.596497	0.608976	-11.928355	-91.415497	-60.958416	96.546487	50.619131	1.090008	-40.901494	
49.478829	-150.030398	60.214914	135.498538	-254.242798	-0.455269	-27.081184	-204.207261	-134.501212	217.213986	111.137880	1.749778	-89.169095	
-92.443811	284.456063	-114.596497	-254.242798	485.113174	-2.589749	50.957520	386.177014	257.447632	-408.195015	-214.043876	-4.532558	172.675265	
-1.377975	-0.218470	0.608976	-0.455269	-2.589749	4.474902	0.511088	0.605736	-2.741070	-3.331228	3.518334	1.245868	-3.841356	
-10.380673	30.424198	-11.928355	-27.081184	50.957520	0.511088	6.928741	41.264678	26.735490	-44.453851	-22.116424	-0.148073	17.433572	
-75.197482	227.921596	-91.415497	-204.207261	386.177014	0.605736	41.264678	311.123335	204.310194	-329.882417	-168.908736	-2.666356	135.487156	
-48.394056	150.733937	-60.958416	-134.501212	257.447632	-2.741070	26.735490	204.310194	138.458358	-214.869079	-114.746728	-2.900645	92.989627	
81.076323	-242.045929	96.546487	217.213986	-408.195015	-3.331228	-44.453851	-329.882417	-214.869079	354.126986	176.772919	1.836420	-140.889870	
39.658799	-124.935892	50.619131	111.137880	-214.043876	3.518334	-22.116424	-168.908736	-114.746728	176.772919	97.309030	2.828697	-78.320768	
0.168335	-2.175062	1.090008	1.749778	-4.532558	1.245868	-0.148073	-2.666356	-2.900645	1.836420	2.828697	1.488144	-2.663025	
-31.343259	100.319108	-40.901494	-89.169095	172.675265	-3.841356	17.433572	135.487156	92.989627	-140.889870	-78.320768	-2.663025	65.073222	

mean =
-2.414058, 3.778704, 1.706579, 1.262073, 2.939544, -2.671409, 6.189588, -0.048513, 1.704955, -2.038481, -5.678298, -0.573871, 2.071651
covariance matrix =
1.367054	-0.356072	-0.236391	-0.215524	-0.101823	0.145869	-0.764194	-0.007671	0.031491	0.311046	0.376961	-0.051140	-0.003168	
-0.356072	1.524700	0.150408	0.043444	0.462156	-0.220736	0.751420	0.211684	0.189996	-0.478930	-0.600123	0.001942	0.197281	
-0.236391	0.150408	1.345867	0.409166	-0.218906	-0.220505	0.752834	-0.355912	-0.196868	0.062657	-0.343723	0.001761	-0.059419	
-0.215524	0.043444	0.409166	1.627215	-0.392543	-0.359719	0.828952	-0.557837	-0.254540	0.371150	-0.364225	-0.014299	-0.016748	
-0.101823	0.462156	-0.218906	-0.392543	1.879025	-0.130617	0.048635	0.616434	0.523202	-0.530794	-0.458826	-0.048036	0.425065	
0.145869	-0.220736	-0.220505	-0.359719	-0.130617	1.477665	-0.655742	0.240043	-0.106439	-0.225175	0.616964	0.084097	-0.302807	
-0.764194	0.751420	0.752834	0.828952	0.048635	-0.655742	3.089435	-0.428880	-0.168782	-0.270651	-1.193062	0.009334	0.125789	
-0.007671	0.211684	-0.355912	-0.557837	0.616434	0.240043	-0.428880	1.723759	0.342645	-0.594658	0.117690	0.051195	0.125395	
0.031491	0.189996	-0.196868	-0.254540	0.523202	-0.106439	-0.168782	0.342645	1.381639	-0.163059	-0.230822	-0.060748	0.321397	
0.311046	-0.478930	0.062657	0.371150	-0.530794	-0.225175	-0.270651	-0.594658	-0.163059	1.918964	0.141078	-0.096294	0.045600	
0.376961	-0.600123	-0.343723	-0.364225	-0.458826	0.616964	-1.193062	0.117690	-0.230822	0.141078	2.068662	0.102516	-0.426813	
-0.051140	0.001942	0.001761	-0.014299	-0.048036	0.084097	0.009334	0.051195	-0.060748	-0.096294	0.102516	1.049275	-0.091891	
-0.003168	0.197281	-0.059419	-0.016748	0.425065	-0.302807	0.125789	0.125395	0.321397	0.045600	-0.426813	-0.091891	1.386403	

mean =
-1.895585, 7.882119, -1.691038, -2.858999, 13.631291, -6.098391, 4.520957, 6.244072, 9.174206, -4.492174, -11.697234, -1.869919, 9.184475
covariance matrix =
2.285281	-1.830512	0.359114	1.651617	-2.002274	-1.289383	-0.838351	-2.606761	-0.515389	3.964027	0.103480	-0.480737	0.447399	
-1.830512	7.113642	-2.614117	-5.492489	10.722287	-0.355465	0.901881	8.368481	5.854057	-8.471034	-4.855634	-0.202253	4.113636	
0.359114	-2.614117	2.432737	2.461184	-5.325141	0.831844	0.064381	-3.661664	-3.219629	2.940277	2.725705	0.367543	-2.672543	
1.651617	-5.492489	2.461184	6.200559	-9.669696	-0.007720	-0.580874	-7.786368	-5.195521	7.977738	4.060278	0.107923	-3.494932	
-2.002274	10.722287	-5.325141	-9.669696	21.825490	-2.873542	0.583369	14.590518	12.318998	-12.561031	-10.676681	-1.228277	9.969440	
-1.289383	-0.355465	0.831844	-0.007720	-2.873542	4.058580	0.770701	0.006134	-2.772511	-2.651137	3.185516	1.111980	-3.661381	
-0.838351	0.901881	0.064381	-0.580874	0.583369	0.770701	1.809363	1.060160	-0.083210	-2.064759	0.074937	0.326898	-0.558277	
-2.606761	8.368481	-3.661664	-7.786368	14.590518	0.006134	1.060160	12.772434	7.816850	-12.133207	-6.168110	-0.132636	5.247768	
-0.515389	5.854057	-3.219629	-5.195521	12.318998	-2.772511	-0.083210	7.816850	8.742435	-5.613790	-6.977533	-1.117014	6.838479	
3.964027	-8.471034	2.940277	7.977738	-12.561031	-2.651137	-2.064759	-12.133207	-5.613790	15.996757	3.722974	-0.856819	-2.174761	
0.103480	-4.855634	2.725705	4.060278	-10.676681	3.185516	0.074937	-6.168110	-6.977533	3.722974	7.646661	1.225501	-6.545666	
-0.480737	-0.202253	0.367543	0.107923	-1.228277	1.111980	0.326898	-0.132636	-1.117014	-0.856819	1.225501	1.426308	-1.416872	
0.447399	4.113636	-2.672543	-3.494932	9.969440	-3.661381	-0.558277	5.247768	6.838479	-2.174761	-6.545666	-1.416872	7.765714	

mean =
-4.618212, 8.822977, 0.778096, -1.560446, 10.257218, -3.587699, 9.128385, 5.194662, 5.524131, -8.206396, -10.249075, -0.651530, 4.940558
covariance matrix =
1.584073	-1.420962	0.449537	1.054616	-2.232797	0.084023	-0.492791	-1.778168	-1.183655	1.943961	1.085844	-0.020356	-0.797836	
-1.420962	5.741315	-2.183929	-4.515500	8.414731	-0.004994	0.429322	6.800756	4.550674	-6.875676	-3.486035	-0.090790	3.075497	
0.449537	-2.183929	2.405209	2.678925	-4.339352	-0.315913	0.509498	-3.725501	-2.351645	3.558782	1.326803	0.047455	-1.492543	
1.054616	-4.515500	2.678925	6.248105	-8.684071	-0.558924	0.670685	-7.398798	-4.668337	7.232085	2.831508	0.074303	-2.964352	
-2.232797	8.414731	-4.339352	-8.684071	16.528221	0.255836	-0.052397	12.707588	8.433007	-12.547244	-5.980140	-0.213753	5.650776	
0.084023	-0.004994	-0.315913	-0.558924	0.255836	1.499091	-0.585560	0.574041	0.057696	-0.567479	0.466740	0.078774	-0.172859	
-0.492791	0.429322	0.509498	0.670685	-0.052397	-0.585560	2.310504	-0.433866	-0.037790	0.092466	-0.823928	0.000270	0.162907	
-1.778168	6.800756	-3.725501	-7.398798	12.707588	0.574041	-0.433866	11.694263	6.833560	-10.564877	-4.469113	-0.090263	4.415115	
-1.183655	4.550674	-2.351645	-4.668337	8.433007	0.057696	-0.037790	6.833560	5.625178	-6.692152	-3.311792	-0.147981	3.139340	
1.943961	-6.875676	3.558782	7.232085	-12.547244	-0.567479	0.092466	-10.564877	-6.692152	11.640750	4.522930	0.043729	-4.284117	
1.085844	-3.486035	1.326803	2.831508	-5.980140	0.466740	-0.823928	-4.469113	-3.311792	4.522930	4.015998	0.163428	-2.445434	
-0.020356	-0.090790	0.047455	0.074303	-0.213753	0.078774	0.000270	-0.090263	-0.147981	0.043729	0.163428	1.049129	-0.150769	
-0.797836	3.075497	-1.492543	-2.964352	5.650776	-0.172859	0.162907	4.415115	3.139340	-4.284117	-2.445434	-0.150769	3.234942	

mean =
-4.429510, 10.479406, -1.823792, -5.540692, 15.230999, -2.420385, 6.131458, 10.279972, 8.435543, -12.069362, -10.159778, -0.568806, 6.512503
covariance matrix =
2.254993	-3.453322	1.382982	2.963134	-5.792206	0.026256	-0.725254	-4.745810	-3.075116	4.954496	2.489148	-0.025562	-2.052535	
-3.453322	11.315219	-4.332147	-9.143690	17.716632	-0.203173	1.769698	14.305565	9.498154	-14.701135	-7.652858	-0.077340	6.459207	
1.382982	-4.332147	3.015233	4.037275	-7.675176	0.038333	-0.444176	-6.280638	-4.162157	6.245407	3.125430	0.028212	-2.833306	
2.963134	-9.143690	4.037275	9.385124	-15.939108	0.052796	-1.221485	-12.965687	-8.559638	13.194590	6.661134	0.068001	-5.783109	
-5.792206	17.716632	-7.675176	-15.939108	31.764907	-0.375438	2.670698	24.847698	16.573409	-25.249429	-13.144101	-0.173269	11.324090	
0.026256	-0.203173	0.038333	0.052796	-0.375438	1.224160	-0.126243	-0.127477	-0.264404	0.048880	0.366573	0.064708	-0.289488	
-0.725254	1.769698	-0.444176	-1.221485	2.670698	-0.126243	1.802037	2.053317	1.359490	-2.391290	-1.438495	-0.005851	0.936316	
-4.745810	14.305565	-6.280638	-12.965687	24.847698	-0.127477	2.053317	21.274739	13.349446	-20.584300	-10.384345	-0.056022	9.035752	
-3.075116	9.498154	-4.162157	-8.559638	16.573409	-0.264404	1.359490	13.349446	9.979164	-13.468472	-7.091391	-0.114890	6.169178	
4.954496	-14.701135	6.245407	13.194590	-25.249429	0.048880	-2.391290	-20.584300	-13.468472	22.220772	10.668003	0.040831	-9.042595	
2.489148	-7.652858	3.125430	6.661134	-13.144101	0.366573	-1.438495	-10.384345	-7.091391	10.668003	6.941512	0.149852	-4.931171	
-0.025562	-0.077340	0.028212	0.068001	-0.173269	0.064708	-0.005851	-0.056022	-0.114890	0.040831	0.149852	1.046355	-0.117085	
-2.052535	6.459207	-2.833306	-5.783109	11.324090	-0.289488	0.936316	9.035752	6.169178	-9.042595	-4.931171	-0.117085	5.303334	

mean =
-4.259931, 14.717323, -4.410234, -9.020101, 25.069461, -5.822648, 5.816615, 15.647659, 15.115639, -14.654743, -16.509303, -1.863109, 12.997283
covariance matrix =
3.899035	-6.706682	2.356550	6.101674	-10.279488	-1.432461	-1.681443	-9.362270	-4.838449	11.168483	3.602537	-0.445836	-2.380139	
-6.706682	21.450028	-8.221078	-18.234550	34.731805	-0.046085	3.808400	27.837569	18.377688	-29.479529	-15.275373	-0.317174	12.318774	
2.356550	-8.221078	4.513988	7.352563	-14.527418	0.631294	-1.242394	-11.170932	-7.959428	11.224690	6.735246	0.373208	-5.713788	
6.101674	-18.234550	7.352563	17.467282	-30.808961	-0.429932	-3.306665	-25.049292	-16.142083	26.795230	13.173143	0.137675	-10.564330	
-10.279488	34.731805	-14.527418	-30.808961	61.772951	-2.345914	5.743321	46.957234	33.106407	-47.720569	-28.141377	-1.402679	23.551216	
-1.432461	-0.046085	0.631294	-0.429932	-2.345914	4.269112	0.705827	0.635945	-2.558248	-3.344038	3.188764	1.191381	-3.626697	
-1.681443	3.808400	-1.242394	-3.306665	5.743321	0.705827	2.135682	5.160357	2.703733	-6.212638	-2.149266	0.236653	1.369704	
-9.362270	27.837569	-11.170932	-25.049292	46.957234	0.635945	5.160357	39.179080	24.590950	-40.875171	-20.118744	-0.199024	16.099478	
-4.838449	18.377688	-7.959428	-16.142083	33.106407	-2.558248	2.703733	24.590950	19.564412	-23.877255	-16.162508	-1.230052	13.936170	
11.168483	-29.479529	11.224690	26.795230	-47.720569	-3.344038	-6.212638	-40.875171	-23.877255	47.058431	18.727910	-0.785442	-14.011665	
3.602537	-15.275373	6.735246	13.173143	-28.141377	3.188764	-2.149266	-20.118744	-16.162508	18.727910	15.462695	1.395276	-12.683341	
-0.445836	-0.317174	0.373208	0.137675	-1.402679	1.191381	0.236653	-0.199024	-1.230052	-0.785442	1.395276	1.454160	-1.530892	
-2.380139	12.318774	-5.713788	-10.564330	23.551216	-3.626697	1.369704	16.099478	13.936170	-14.011665	-12.683341	-1.530892	12.471063	

mean =
-4.644198, 16.330190, -5.145311, -10.464639, 28.046839, -6.092435, 5.998169, 17.831449, 16.806563, -16.709202, -17.971019, -1.991525, 14.292687
covariance matrix =
5.313758	-6.427163	1.578395	6.255520	-7.444646	-4.706457	-2.453163	-9.651244	-1.978363	14.191652	0.205790	-1.689955	1.467044	
-6.427163	13.255749	-3.845000	-11.549058	17.024011	5.198096	3.620192	17.710424	6.849962	-23.120968	-4.083165	1.768704	1.510882	
1.578395	-3.845000	2.449559	3.609403	-6.050826	-0.800853	-0.805005	-5.473938	-2.889191	6.395494	2.093867	-0.221022	-1.476192	
6.255520	-11.549058	3.609403	12.104240	-15.761892	-5.523957	-3.368454	-16.944681	-6.080943	22.459295	3.246150	-1.875236	-0.823080	
-7.444646	17.024011	-6.050826	-15.761892	26.995128	4.141232	4.123671	24.072135	12.053322	-28.906741	-8.678754	1.266619	5.638778	
-4.706457	5.198096	-0.800853	-5.523957	4.141232	7.617735	2.523296	8.484783	-0.529991	-14.429894	2.561214	2.400914	-4.251757	
-2.453163	3.620192	-0.805005	-3.368454	4.123671	2.523296	2.548648	5.287127	1.093177	-7.844181	-0.237034	0.927482	-0.778978	
-9.651244	17.710424	-5.473938	-16.944681	24.072135	8.484783	5.287127	26.928194	9.244946	-34.445994	-4.956976	2.896581	1.197099	
-1.978363	6.849962	-2.889191	-6.080943	12.053322	-0.529991	1.093177	9.244946	7.609805	-9.333052	-5.632678	-0.325704	4.744201	
14.191652	-23.120968	6.395494	22.459295	-28.906741	-14.429894	-7.844181	-34.445994	-9.333052	49.466679	3.203901	-5.067046	2.268843	
0.205790	-4.083165	2.093867	3.246150	-8.678754	2.561214	-0.237034	-4.956976	-5.632678	3.203901	6.543214	1.025044	-5.273408	
-1.689955	1.768704	-0.221022	-1.875236	1.266619	2.400914	0.927482	2.896581	-0.325704	-5.067046	1.025044	1.888150	-1.642044	
1.467044	1.510882	-1.476192	-0.823080	5.638778	-4.251757	-0.778978	1.197099	4.744201	2.268843	-5.273408	-1.642044	6.695909	

mean =
-3.439699, 9.777067, -2.017821, -4.782139, 15.376453, -4.089558, 5.397983, 9.179299, 9.270429, -9.316170, -11.176346, -1.157918, 8.060579
covariance matrix =
2.292638	-3.001418	1.042264	2.665085	-4.615801	-0.532928	-0.794629	-4.144179	-2.200174	4.886809	1.694174	-0.189524	-1.140363	
-3.001418	9.948826	-3.624509	-7.993004	15.171310	0.038414	1.645142	12.282875	8.002625	-12.980805	-6.557514	-0.057199	5.315475	
1.042264	-3.624509	2.650240	3.348030	-6.490796	0.208817	-0.397050	-5.101459	-3.559477	5.040499	2.853747	0.121025	-2.520152	
2.665085	-7.993004	3.348030	8.376944	-13.616804	-0.285960	-1.249922	-11.204384	-7.124109	11.881657	5.627785	0.000649	-4.614626	
-4.615801	15.171310	-6.490796	-13.616804	27.562256	-0.783615	2.311213	20.875055	14.415278	-21.143062	-11.910234	-0.427659	10.107042	
-0.532928	0.038414	0.208817	-0.285960	-0.783615	2.311971	0.239671	0.343735	-0.949343	-1.432592	1.199935	0.446546	-1.388963	
-0.794629	1.645142	-0.397050	-1.249922	2.311213	0.239671	1.731837	2.040896	1.047752	-2.601068	-0.994867	0.111746	0.524746	
-4.144179	12.282875	-5.101459	-11.204384	20.875055	0.343735	2.040896	18.150568	10.940613	-18.147637	-8.700813	0.005712	7.130893	
-2.200174	8.002625	-3.559477	-7.124109	14.415278	-0.949343	1.047752	10.940613	9.059897	-10.591013	-6.779505	-0.416893	5.948158	
4.886809	-12.980805	5.040499	11.881657	-21.143062	-1.432592	-2.601068	-18.147637	-10.591013	21.280179	8.221104	-0.385963	-6.241779	
1.694174	-6.557514	2.853747	5.627785	-11.910234	1.199935	-0.994867	-8.700813	-6.779505	8.221104	6.979106	0.477333	-5.216344	
-0.189524	-0.057199	0.121025	0.000649	-0.427659	0.446546	0.111746	0.005712	-0.416893	-0.385963	0.477333	1.173191	-0.544376	
-1.140363	5.315475	-2.520152	-4.614626	10.107042	-1.388963	0.524746	7.130893	5.948158	-6.241779	-5.216344	-0.544376	5.794899	



 15.760000   0.060000  15.820000 ( 15.679000)
